intrinsic:
  - [733.888671875, 0., 993.6256103515625]
  - [0.,733.888671875 , 551.8845825195312]
  - [0.,              0.,           1.   ]

intrinsic_o3d:
  - [1920, 1080, 733.888671875, 733.888671875, 993.6256103515625, 551.8845825195312]


distortion:
  - [0., 0., 0., 0., 0.]
  
size:
  - [1080, 1920]
  
world_2_head:
 - [-0.06624313, -0.6334383,   0.7709525,  -0.1514688 ]
 - [-0.99780121,  0.04371347, -0.0498185,   0.06114338]
 - [-0.00214406, -0.77255747, -0.63494122,  0.43910462]
 - [ 0.,          0.,          0.,          1.        ]
